0 1
63
128 115
286 186
217 185
131 13
139 19
144 34
229 194
22 0
152 62
38 63
154 203
157 64
408 362
302 224
365 304
303 225
305 257
56 22
307 273
308 221
161 78
250 153
162 154
309 222
369 329
166 80
251 191
172 135
254 192
388 331
311 230
79 49
257 198
259 200
83 143
176 84
182 148
343 283
264 216
185 151
90 65
187 150
344 284
191 67
315 168
391 340
345 274
194 156
270 228
272 171
316 278
375 313
201 95
348 287
351 285
206 87
276 166
319 169
278 175
357 314
212 98
122 177
284 176
0 2
20
286 199
217 193
132 38
38 65
365 282
338 215
172 105
254 178
388 316
257 184
259 183
343 254
264 190
185 124
91 126
90 31
194 130
316 202
99 50
351 230
0 3
190
324 383
126 138
127 139
5 7
128 141
7 8
215 259
8 9
326 384
9 10
286 331
11 13
287 334
14 11
217 260
133 12
135 143
218 144
327 385
136 15
379 438
138 146
219 264
139 147
140 148
221 265
141 149
329 387
143 14
144 150
434 502
226 267
145 151
18 145
289 261
20 20
228 262
147 153
231 269
24 23
28 21
405 467
295 342
298 390
299 347
152 159
423 481
38 29
435 504
363 442
154 168
40 163
155 162
41 33
42 36
43 39
242 279
157 166
243 165
384 470
158 172
44 43
245 171
335 348
47 51
247 351
48 50
302 280
365 392
49 49
50 52
54 56
416 482
55 58
336 395
304 281
305 355
56 63
307 353
338 394
59 54
308 354
161 173
430 497
367 443
249 282
162 175
368 421
164 179
61 57
64 286
165 184
65 70
309 287
369 398
166 284
387 444
339 397
67 76
69 65
168 186
251 288
169 180
73 185
171 183
172 79
74 75
254 362
427 498
76 82
311 361
417 473
79 84
258 290
259 191
418 483
175 190
81 88
428 494
82 89
371 401
312 402
176 195
341 364
177 193
179 198
181 197
260 295
85 95
389 427
86 98
182 199
261 297
263 296
88 97
343 404
184 205
266 302
185 300
91 212
90 99
189 211
188 210
190 209
92 101
94 104
390 453
315 366
192 215
194 213
392 457
410 475
394 456
196 221
269 312
197 225
199 224
374 433
96 112
98 116
97 114
272 314
316 370
347 434
99 223
396 462
102 117
397 460
201 229
105 120
104 119
106 231
107 123
317 375
274 318
432 500
348 408
419 484
351 377
206 235
204 233
276 322
352 411
319 378
278 380
424 491
112 132
113 133
207 239
282 330
0 4
41
324 330
126 155
325 328
128 222
9 47
131 165
218 231
139 169
31 56
38 64
44 68
365 342
338 314
166 94
176 107
343 323
91 167
186 237
188 232
190 197
192 171
196 250
97 89
272 264
100 116
102 86
398 367
201 203
105 198
103 115
106 200
107 92
351 324
206 188
278 294
112 127
116 124
120 129
284 262
123 126
358 327
0 5
0
0 6
0
0 7
0
0 8
2
138 112
139 132
1 2
98
316 297
5 15
293 267
9 27
118 30
359 343
185 193
186 199
13 37
399 378
16 39
187 132
120 134
18 42
19 41
24 49
25 47
29 55
130 140
32 57
34 59
131 106
36 1
37 61
133 146
38 104
135 105
191 177
41 63
137 196
192 178
264 237
196 182
49 8
198 184
199 139
200 183
370 351
201 204
397 375
204 143
381 364
302 311
401 380
372 355
60 71
208 186
210 189
147 209
63 65
148 118
390 365
213 211
216 190
150 123
217 150
151 124
303 280
65 31
153 66
67 32
219 222
221 214
69 69
71 36
373 357
73 78
304 282
329 284
328 303
158 70
156 130
355 327
332 308
386 368
278 202
364 330
283 254
169 60
89 85
340 320
172 164
94 87
95 88
285 230
241 217
100 91
341 287
343 255
242 227
344 321
244 232
246 165
247 233
105 94
248 167
289 170
110 93
1 3
45
115 141
185 260
15 11
257 355
22 63
135 79
260 399
191 288
41 152
299 246
200 191
205 293
208 295
62 159
63 29
213 345
151 300
65 99
273 353
221 354
222 287
71 217
73 187
224 280
304 392
158 177
156 213
77 81
355 456
78 173
332 432
80 284
278 370
84 195
85 198
166 322
283 404
168 366
87 235
90 227
171 314
93 130
95 229
287 408
175 380
1 4
39
115 222
8 161
118 225
13 165
16 231
187 235
19 169
125 145
128 241
130 240
131 217
262 335
199 168
268 280
203 238
63 64
69 72
73 103
304 342
329 349
79 85
80 94
84 107
283 323
284 289
87 188
311 353
90 196
171 264
172 265
95 203
285 324
175 294
176 262
342 354
103 202
242 293
244 295
247 296
1 5
4
14 193
16 140
19 144
25 145
1 6
3
69 109
101 2
103 5
1 7
0
1 8
0
2 3
20
105 79
178 362
4 86
183 191
115 93
186 295
124 300
31 99
126 212
130 213
308 432
50 223
202 370
63 152
70 177
282 392
215 394
78 187
230 377
88 229
2 4
25
262 301
106 217
7 26
107 149
108 151
14 155
115 40
126 167
35 53
37 165
140 240
139 168
69 72
282 342
284 349
215 314
78 103
252 353
227 293
164 265
230 324
232 295
88 203
89 197
320 375
2 5
3
35 136
39 140
41 144
2 6
2
147 133
148 135
2 7
1
148 128
2 8
0
3 4
41
414 358
6 18
138 155
383 330
436 362
7 159
10 47
144 231
147 169
268 245
29 64
162 173
43 68
45 31
392 342
47 90
394 314
284 94
187 103
292 192
94 42
93 40
404 323
209 197
212 167
109 80
113 83
114 89
115 84
117 86
229 203
120 198
231 200
123 92
376 209
124 102
126 117
235 188
380 294
132 127
240 194
3 5
0
3 6
1
45 34
3 7
0
3 8
4
336 193
146 112
147 132
45 50
4 5
9
53 136
166 193
58 67
170 147
169 144
240 201
242 204
91 56
197 88
4 6
2
35 56
202 5
4 7
1
82 59
4 8
6
39 134
54 126
53 23
169 132
240 127
242 122
5 6
55
99 152
103 96
304 282
243 192
107 12
8 98
9 16
167 159
12 19
219 200
114 24
20 22
279 232
220 229
22 25
168 103
249 234
117 28
173 165
296 258
118 30
174 164
25 34
26 29
123 108
124 107
126 104
177 112
226 205
27 33
251 238
178 168
253 235
228 170
179 114
181 171
132 116
280 261
39 42
40 43
259 241
44 48
260 214
282 264
47 49
49 50
261 177
233 216
138 54
59 56
284 245
199 128
88 71
89 74
211 184
5 7
64
243 193
244 257
166 155
7 92
245 226
9 20
167 158
12 25
113 26
13 28
219 201
320 317
318 310
19 24
279 230
221 162
22 31
168 96
115 35
250 229
170 99
173 105
296 263
174 101
25 41
119 42
123 43
124 37
306 294
126 166
177 169
27 39
251 208
127 45
178 167
253 233
179 107
181 109
132 47
280 235
39 48
40 50
259 238
133 176
44 51
260 213
46 52
189 178
300 268
282 269
47 53
190 112
49 55
261 214
139 61
141 117
284 246
301 286
158 129
81 67
87 68
270 220
211 184
93 80
5 8
22
9 78
167 228
10 68
11 67
12 66
113 63
18 60
279 298
168 224
25 50
126 215
27 158
132 37
136 23
144 132
67 13
149 124
153 10
205 121
77 7
159 113
81 3
6 7
87
2 0
224 224
6 8
151 145
227 189
153 153
9 14
11 17
97 92
191 198
228 227
156 197
16 20
159 158
200 201
19 25
20 26
304 317
103 96
232 230
284 294
204 202
163 164
25 31
26 30
164 101
104 166
258 263
33 39
107 37
108 43
34 41
167 103
235 233
168 167
35 42
287 295
112 169
206 205
36 45
238 208
114 107
116 47
261 235
239 237
263 236
118 175
212 171
241 238
42 48
242 174
43 50
174 176
175 111
46 49
176 177
49 53
288 285
300 311
214 213
50 55
264 269
279 239
121 112
177 214
244 245
218 117
125 120
245 246
129 125
131 126
66 66
133 129
135 128
267 272
247 248
73 70
183 219
184 184
75 74
220 250
222 221
141 138
143 142
84 81
145 143
147 139
6 8
16
6 185
16 78
159 228
19 66
20 63
23 61
103 224
232 298
33 158
34 50
206 214
116 37
261 292
263 293
134 113
87 12
7 8
34
252 326
8 185
15 74
89 236
17 71
257 338
19 177
94 229
20 78
200 278
21 75
158 228
24 69
25 66
26 63
162 269
96 224
202 267
230 298
166 215
38 162
39 158
265 309
233 291
41 50
205 214
266 295
107 55
169 212
235 292
47 37
130 113
67 3
144 128
