5 6
50
12 19
114 24
174 164
59 56
27 33
124 107
20 22
177 112
89 74
167 159
9 16
168 103
251 238
118 30
282 264
22 25
260 214
126 104
39 42
40 43
25 34
211 184
26 29
173 165
181 171
219 200
284 245
117 28
49 50
103 96
228 170
123 108
233 216
138 54
47 49
132 116
296 258
107 12
178 168
88 71
8 98
280 261
279 232
44 48
253 235
249 234
226 205
259 241
179 114
243 192
5 7
59
47 53
190 112
132 47
296 263
284 246
44 51
46 52
259 238
25 41
260 213
127 45
22 31
39 48
115 35
173 105
133 176
166 155
168 96
40 50
119 42
177 169
279 230
282 269
123 43
253 233
141 117
300 268
49 55
189 178
126 166
139 61
113 26
251 208
178 167
219 201
27 39
167 158
12 25
170 99
7 92
250 229
124 37
181 109
9 20
13 28
174 101
81 67
158 129
19 24
243 193
179 107
261 214
87 68
306 294
301 286
244 257
318 310
221 162
280 235
6 7
78
116 47
147 139
75 74
228 227
135 128
200 201
131 126
114 107
11 17
43 50
258 263
245 246
103 96
168 167
204 202
16 20
261 235
153 153
34 41
232 230
6 8
35 42
20 26
164 101
141 138
9 14
2 0
163 164
247 248
214 213
156 197
26 30
159 158
36 45
73 70
112 169
118 175
287 295
42 48
235 233
66 66
176 177
174 176
238 208
125 120
97 92
133 129
145 143
33 39
191 198
129 125
107 37
177 214
267 272
167 103
263 236
239 237
84 81
108 43
184 184
104 166
25 31
183 219
49 53
50 55
264 269
19 25
227 189
222 221
218 117
143 142
206 205
224 224
241 238
121 112
284 294
220 250
242 174
