0 1
62
38 63
284 176
22 0
369 329
278 175
257 198
83 143
305 257
264 216
90 65
185 151
345 274
187 150
182 148
201 95
212 98
194 156
270 228
191 67
157 64
128 115
259 200
251 191
348 287
316 278
172 135
152 62
131 13
79 49
254 192
56 22
154 203
162 154
206 87
276 166
272 171
309 222
166 80
343 283
176 84
365 304
319 169
161 78
351 285
307 273
308 221
315 168
357 314
217 185
139 19
122 177
375 313
388 331
302 224
250 153
229 194
311 230
303 225
391 340
344 284
144 34
286 186
0 2
20
38 65
365 282
257 184
132 38
90 31
264 190
351 230
316 202
185 124
259 183
99 50
194 130
172 105
254 178
217 193
338 215
286 199
343 254
91 126
388 316
0 3
171
181 197
171 183
143 14
165 184
79 84
259 191
20 20
343 404
67 76
319 378
48 50
185 300
141 149
194 213
65 70
339 397
140 148
113 133
179 198
144 150
295 342
96 112
260 295
389 427
182 199
315 366
190 209
374 433
169 180
92 101
251 288
138 146
278 380
263 296
274 318
90 99
329 387
379 438
147 153
348 408
308 354
145 151
305 355
351 377
184 205
135 143
231 269
266 302
59 54
166 284
336 395
133 12
161 173
61 57
258 290
189 211
73 185
76 82
316 370
226 267
172 79
69 65
254 362
136 15
85 95
341 364
416 482
307 353
175 190
49 49
106 231
304 281
196 221
369 398
176 195
390 453
219 264
139 147
81 88
154 168
55 58
338 394
177 193
201 229
155 162
94 104
98 116
272 314
392 457
102 117
287 334
188 210
204 233
56 63
206 235
82 89
47 51
269 312
14 11
335 348
368 421
217 260
97 114
162 175
218 144
9 10
228 262
105 120
352 411
371 401
197 225
41 33
311 361
363 442
164 179
8 9
157 166
286 331
112 132
199 224
192 215
50 52
54 56
221 265
91 212
38 29
5 7
276 322
7 8
299 347
107 123
326 384
397 460
168 186
410 475
243 165
44 43
327 385
387 444
261 297
152 159
86 98
365 392
394 456
127 139
347 434
128 141
42 36
249 282
88 97
245 171
99 223
28 21
43 39
158 172
312 402
126 138
324 383
207 239
24 23
74 75
396 462
18 145
309 287
64 286
242 279
298 390
317 375
302 280
11 13
289 261
0 4
38
100 116
338 314
218 231
106 200
97 89
91 167
190 197
192 171
120 129
398 367
272 264
102 86
44 68
365 342
201 203
105 198
116 124
107 92
188 232
139 169
103 115
196 250
324 330
131 165
128 222
31 56
112 127
186 237
123 126
126 155
351 324
206 188
278 294
358 327
9 47
343 323
38 64
284 262
1 2
92
151 124
204 143
18 42
100 91
148 118
264 237
34 59
192 178
71 36
94 87
359 343
65 31
191 177
133 146
221 214
355 327
120 134
200 183
63 65
208 186
248 167
156 130
13 37
278 202
49 8
135 105
216 190
38 104
29 55
153 66
67 32
37 61
198 184
304 282
246 165
41 63
285 230
196 182
24 49
19 41
9 27
332 308
89 85
25 47
150 123
69 69
130 140
172 164
105 94
199 139
210 189
36 1
32 57
213 211
118 30
241 217
328 303
16 39
95 88
186 199
137 196
110 93
185 193
158 70
283 254
386 368
343 255
187 132
219 222
329 284
247 233
242 227
344 321
302 311
372 355
244 232
381 364
73 78
293 267
131 106
60 71
5 15
340 320
169 60
397 375
147 209
341 287
201 204
303 280
289 170
217 150
316 297
1 3
44
156 213
191 288
208 295
93 130
221 354
77 81
95 229
87 235
85 198
278 370
151 300
175 380
185 260
166 322
65 99
205 293
135 79
22 63
200 191
257 355
80 284
15 11
224 280
260 399
90 227
71 217
78 173
115 141
283 404
222 287
171 314
332 432
287 408
304 392
355 456
63 29
73 187
168 366
213 345
158 177
41 152
273 353
62 159
84 195
1 4
38
80 94
342 354
268 280
262 335
283 323
95 203
187 235
73 103
63 64
131 217
247 296
16 231
311 353
125 145
284 289
304 342
172 265
13 165
242 293
244 295
69 72
171 264
79 85
128 241
199 168
8 161
90 196
203 238
329 349
115 222
175 294
103 202
285 324
176 262
19 169
84 107
130 240
87 188
2 3
19
115 93
126 212
70 177
78 187
4 86
124 300
105 79
31 99
202 370
50 223
130 213
178 362
215 394
88 229
186 295
230 377
183 191
308 432
282 392
2 4
25
284 349
106 217
35 53
108 151
7 26
227 293
88 203
252 353
215 314
262 301
282 342
37 165
140 240
164 265
232 295
69 72
320 375
89 197
107 149
115 40
126 167
14 155
78 103
139 168
230 324
3 4
37
93 40
117 86
394 314
162 173
7 159
383 330
209 197
235 188
47 90
113 83
10 47
114 89
123 92
6 18
212 167
29 64
138 155
109 80
147 169
392 342
132 127
187 103
229 203
43 68
414 358
292 192
144 231
115 84
436 362
231 200
268 245
120 198
94 42
124 102
126 117
404 323
380 294
5 6
51
233 216
284 245
59 56
27 33
117 28
8 98
107 12
26 29
40 43
89 74
123 108
243 192
173 165
126 104
124 107
132 116
174 164
20 22
181 171
22 25
118 30
167 159
168 103
9 16
49 50
228 170
251 238
282 264
114 24
177 112
260 214
39 42
219 200
12 19
249 234
47 49
25 34
280 261
44 48
178 168
138 54
179 114
296 258
253 235
211 184
304 282
226 205
259 241
279 232
88 71
220 229
5 7
62
251 208
190 112
39 48
259 238
113 26
219 201
158 129
46 52
12 25
7 92
167 158
47 53
44 51
132 47
81 67
13 28
253 233
9 20
260 213
133 176
126 166
87 68
170 99
127 45
284 246
282 269
178 167
27 39
40 50
250 229
189 178
49 55
141 117
243 193
300 268
177 169
279 230
139 61
124 37
119 42
168 96
123 43
25 41
22 31
174 101
19 24
296 263
115 35
166 155
244 257
173 105
181 109
179 107
261 214
93 80
221 162
211 184
306 294
270 220
301 286
280 235
318 310
5 8
22
132 37
12 66
167 228
10 68
159 113
126 215
67 13
81 3
149 124
153 10
77 7
205 121
9 78
144 132
136 23
18 60
25 50
279 298
27 158
168 224
11 67
113 63
6 7
80
107 37
2 0
174 176
75 74
112 169
191 198
135 128
176 177
235 233
36 45
118 175
131 126
258 263
141 138
34 41
33 39
167 103
26 30
247 248
35 42
177 214
156 197
97 92
145 143
125 120
228 227
287 295
73 70
116 47
147 139
6 8
16 20
261 235
66 66
232 230
108 43
238 208
133 129
129 125
114 107
43 50
200 201
84 81
168 167
49 53
19 25
11 17
239 237
284 294
267 272
214 213
20 26
25 31
159 158
103 96
204 202
9 14
164 101
42 48
183 219
163 164
245 246
153 153
184 184
143 142
241 238
224 224
104 166
263 236
222 221
50 55
264 269
218 117
206 205
227 189
220 250
121 112
279 239
304 317
242 174
7 8
32
47 37
8 185
19 177
41 50
130 113
166 215
17 71
94 229
20 78
233 291
205 214
25 66
169 212
24 69
230 298
158 228
15 74
162 269
96 224
21 75
235 292
89 236
257 338
67 3
38 162
252 326
107 55
39 158
200 278
26 63
265 309
202 267
