0 1
62
319 169
139 19
161 78
191 67
348 287
212 98
182 148
83 143
166 80
276 166
264 216
278 175
90 65
257 198
201 95
270 228
194 156
305 257
316 278
206 87
259 200
311 230
309 222
154 203
185 151
157 64
217 185
251 191
302 224
176 84
56 22
187 150
345 274
79 49
122 177
365 304
351 285
369 329
307 273
162 154
172 135
254 192
343 283
272 171
284 176
131 13
229 194
286 186
308 221
38 63
315 168
144 34
391 340
303 225
388 331
22 0
152 62
375 313
357 314
128 115
250 153
344 284
0 3
175
97 114
348 408
112 132
158 172
166 284
169 180
390 453
98 116
204 233
171 183
94 104
184 205
161 173
341 364
189 211
374 433
304 281
371 401
102 117
269 312
308 354
107 123
389 427
368 421
215 259
196 221
266 302
197 225
258 290
48 50
319 378
199 224
397 460
392 457
295 342
315 366
61 57
59 54
311 361
188 210
11 13
65 70
81 88
185 300
339 397
55 58
324 383
351 377
207 239
47 51
347 434
155 162
263 296
274 318
143 14
157 166
206 235
194 213
335 348
338 394
126 138
147 153
278 380
106 231
329 387
69 65
316 370
410 475
96 112
154 168
336 395
168 186
201 229
272 314
49 49
56 63
192 215
90 99
343 404
307 353
76 82
38 29
91 212
79 84
181 197
128 141
190 209
299 347
141 149
92 101
67 76
276 322
41 33
182 199
305 355
251 288
179 198
396 462
73 185
416 482
369 398
105 120
127 139
317 375
165 184
260 295
42 36
261 297
175 190
44 43
113 133
7 8
5 7
259 191
172 79
86 98
254 362
54 56
243 165
162 175
8 9
286 331
43 39
50 52
379 438
245 171
365 392
9 10
85 95
218 144
164 179
326 384
28 21
88 97
228 262
217 260
176 195
14 11
152 159
139 147
177 193
363 442
219 264
394 456
226 267
221 265
136 15
387 444
82 89
231 269
287 334
104 119
135 143
249 282
18 145
133 12
99 223
327 385
138 146
140 148
24 23
20 20
298 390
302 280
144 150
242 279
435 504
352 411
74 75
64 286
312 402
309 287
282 330
145 151
289 261
1 2
91
191 177
18 42
221 214
247 233
278 202
133 146
355 327
242 227
332 308
241 217
34 59
244 232
13 37
381 364
65 31
156 130
216 190
49 8
120 134
264 237
359 343
151 124
60 71
29 55
67 32
131 106
328 303
41 63
148 118
37 61
105 94
208 186
285 230
200 183
19 41
25 47
210 189
130 140
196 182
24 49
198 184
199 139
9 27
110 93
329 284
32 57
71 36
36 1
186 199
153 66
135 105
204 143
372 355
16 39
118 30
344 321
192 178
158 70
100 91
150 123
185 193
248 167
38 104
94 87
289 170
386 368
187 132
169 60
89 85
172 164
63 65
343 255
246 165
95 88
304 282
293 267
302 311
69 69
219 222
213 211
283 254
147 209
5 15
73 78
217 150
303 280
397 375
340 320
137 196
316 297
201 204
5 6
50
12 19
114 24
174 164
59 56
27 33
124 107
20 22
177 112
89 74
167 159
9 16
168 103
251 238
118 30
282 264
22 25
260 214
126 104
39 42
40 43
25 34
211 184
26 29
173 165
181 171
219 200
284 245
117 28
49 50
103 96
228 170
123 108
233 216
138 54
47 49
132 116
296 258
107 12
178 168
88 71
8 98
280 261
279 232
44 48
253 235
249 234
226 205
259 241
179 114
243 192
5 7
59
47 53
190 112
132 47
296 263
284 246
44 51
46 52
259 238
25 41
260 213
127 45
22 31
39 48
115 35
173 105
133 176
166 155
168 96
40 50
119 42
177 169
279 230
282 269
123 43
253 233
141 117
300 268
49 55
189 178
126 166
139 61
113 26
251 208
178 167
219 201
27 39
167 158
12 25
170 99
7 92
250 229
124 37
181 109
9 20
13 28
174 101
81 67
158 129
19 24
243 193
179 107
261 214
87 68
306 294
301 286
244 257
318 310
221 162
280 235
6 7
78
116 47
147 139
75 74
228 227
135 128
200 201
131 126
114 107
11 17
43 50
258 263
245 246
103 96
168 167
204 202
16 20
261 235
153 153
34 41
232 230
6 8
35 42
20 26
164 101
141 138
9 14
2 0
163 164
247 248
214 213
156 197
26 30
159 158
36 45
73 70
112 169
118 175
287 295
42 48
235 233
66 66
176 177
174 176
238 208
125 120
97 92
133 129
145 143
33 39
191 198
129 125
107 37
177 214
267 272
167 103
263 236
239 237
84 81
108 43
184 184
104 166
25 31
183 219
49 53
50 55
264 269
19 25
227 189
222 221
218 117
143 142
206 205
224 224
241 238
121 112
284 294
220 250
242 174
