 8.70229 -5.04811  21.4512 3 1 13 2 37 4 165 
 8.77674 -4.56697  21.3194 5 0 139 1 19 2 41 3 147 4 169 
 9.24043 -4.00699  19.9682 4 0 144 1 34 2 59 3 150 
-19.9721  2.63056   56.381 2 1 49 2 8 
-3.45098 -1.78271  18.6218 3 0 152 1 62 3 159 
-2.13817 -1.77603  18.5857 5 0 38 1 63 2 65 3 29 4 64 
-1.32725 -1.41879  19.1155 3 0 157 1 64 3 166 
-18.8495  6.69658  50.6867 2 1 65 2 31 
-20.7373  7.06865  49.7468 2 1 67 2 32 
 -2.17582 -0.365846   18.3966 3 0 161 1 78 3 173 
  -2.0822 0.0996529   18.4977 4 0 166 1 80 3 284 4 94 
 8.8521 1.25534 20.4486 4 0 176 1 84 3 195 4 107 
 -7.159 11.4647 44.4784 2 1 87 4 188 
8.06268 4.40686 23.0192 5 0 201 1 95 2 88 3 229 4 203 
 8.32695 -6.16777  22.7233 4 0 128 1 115 3 141 4 222 
-20.1982  1.67833  62.7415 2 1 135 2 105 
-20.7926  6.03232  51.4457 2 1 148 2 118 
-18.755 7.05175 53.3623 2 1 150 2 123 
-18.478 6.62389 51.0228 2 1 151 2 124 
  0.49376 -0.478604   21.5434 3 0 250 1 153 2 66 
 0.136949 -0.394792   21.5453 3 0 162 1 154 3 175 
-20.0376   7.9743  49.2402 2 1 156 2 130 
8.53137 2.60066 22.1553 3 0 315 1 168 3 366 
-24.1234  16.8204  57.7356 2 1 169 2 60 
7.74805 4.31788 24.1535 4 0 272 1 171 3 314 4 264 
7.34326 6.55578 24.9509 2 1 175 4 294 
-4.7119  13.677 38.2921 2 1 176 4 262 
 8.51333 -5.29102  22.0906 4 0 217 1 185 2 193 3 260 
 8.91822 -5.31342  20.7603 4 0 286 1 186 2 199 3 331 
-22.3212  1.28302  58.3955 2 1 191 2 177 
-20.5105  2.07008  61.6723 2 1 192 2 178 
-21.2673  2.80143  57.1475 2 1 198 2 184 
-24.1504  3.07864  58.0422 2 1 200 2 183 
 2.48072 -2.04986  22.3487 3 0 154 1 203 3 168 
-19.4747  6.39075  51.1621 2 1 216 2 190 
-0.755213 -0.472827   20.5932 4 0 308 1 221 2 214 3 354 
 0.344132 -0.113597   21.6093 3 0 309 1 222 3 287 
 -3.19031 -0.854051   18.4675 3 0 302 1 224 3 280 
4.32065  0.4205 19.6123 3 0 311 1 230 3 361 
-0.218619 -0.672201   21.1321 3 0 307 1 273 3 353 
-18.2556  9.56728  46.8432 2 1 278 2 202 
8.97784 1.91254 20.5702 5 0 343 1 283 2 254 3 404 4 323 
8.65673 2.28955 21.3691 2 1 284 4 289 
6.91602 6.21435 25.8711 3 1 285 2 230 4 324 
8.40186 4.94418 21.9685 3 0 348 1 287 3 408 
-2.74941 -0.83404   18.416 5 0 365 1 304 2 282 3 392 4 342 
   1.99586 -0.0440088      21.31 5 0 369 1 329 2 284 3 398 4 349 
 9.04089 0.264984  20.9913 2 0 388 2 316 
9.06127 2.33346 19.8804 3 1 340 2 320 4 375 
-22.6408 0.698836  58.1506 2 1 36 2 1 
 8.35062 -6.57954  22.3471 2 1 5 2 15 
 8.5078 -5.8608 22.0253 2 1 9 2 27 
 8.34066 -5.56974  22.2458 2 1 118 2 30 
-17.1687  8.24454   51.702 2 1 71 2 36 
 8.96382 -4.71915  20.8127 2 1 18 2 42 
 8.84482 -4.36846  21.0516 2 1 25 2 47 
 9.02646 -4.54576  20.5368 2 1 24 2 49 
 9.12134 -4.29214  20.3363 2 1 29 2 55 
 9.11809 -3.97965  20.1857 2 1 32 2 57 
 9.30575 -3.81425  19.7604 2 1 37 2 61 
9.36357 -3.6617 19.5011 2 1 41 2 63 
 -2.97659 -0.944018    18.496 3 1 69 2 69 4 72 
 -0.73457 -0.166394   20.6634 2 1 158 2 70 
 4.56743 -1.91911  19.0108 2 1 60 2 71 
  8.88598 -0.223788   21.0276 3 1 73 2 78 4 103 
7.84089  3.7235 23.5219 2 1 89 2 85 
7.98874 4.22988 23.2573 2 1 94 2 87 
7.15765 6.89513 25.3414 2 1 100 2 91 
-8.4377 22.1473 39.6769 2 1 110 2 93 
7.32278 17.1787 36.0258 2 1 105 2 94 
-21.174 1.54134 63.1151 2 1 38 2 104 
-6.53288  1.21559  64.7028 2 1 131 2 106 
-3.17666  6.15232  54.6097 3 2 126 3 212 4 167 
 8.78144 -4.85618  21.2638 3 1 187 2 132 4 235 
  9.1062 -4.92067  20.3024 2 1 120 2 134 
 3.00044 -2.61136  22.2701 3 1 199 2 139 4 168 
 8.92452 -4.19783  20.8689 3 1 130 2 140 4 240 
1.04507 -1.9427 21.7307 2 1 204 2 143 
  9.2035 -3.76387  19.9685 2 1 133 2 146 
0.0720264 -0.802588   21.3182 2 1 217 2 150 
8.10611 3.98426  22.962 3 1 172 2 164 4 265 
-8.24385  19.3513  39.3788 2 1 246 2 165 
7.37995 17.5027 35.2809 2 1 248 2 167 
8.81647 12.0574 26.1725 2 1 289 2 170 
-21.6114  2.24927  56.2331 2 1 196 2 182 
-19.4508  6.70447  58.0173 2 1 210 2 189 
-3.81026    -3.48  20.2757 2 1 137 2 196 
0.453595 -2.36554  22.1158 2 1 201 2 204 
0.357502 -1.25518  21.4745 2 1 147 2 209 
-2.01811 -1.55273   18.785 2 1 213 2 211 
 -2.76946 -0.444942   18.3858 4 0 338 2 215 3 394 4 314 
-14.298 15.5611 44.5826 2 1 241 2 217 
 9.73087 -1.07659  18.5315 2 1 219 2 222 
-6.02554  17.0181  38.3993 3 1 242 2 227 4 293 
-6.40179  17.9135  38.4559 3 1 244 2 232 4 295 
-6.77498  18.7276  38.4164 3 1 247 2 233 4 296 
-21.2203  1.92841  57.4947 2 1 264 2 237 
5.91089 12.7067 34.1773 2 1 343 2 255 
 8.11949 -6.45775  22.9791 2 1 293 2 267 
-0.657988  -0.71955   21.3192 2 1 303 2 280 
-18.073 13.7435 38.0035 2 1 341 2 287 
  7.3917 -7.59448  26.3954 2 1 316 2 297 
-23.0102  8.83268  52.5112 2 1 328 2 303 
-19.6688  9.05009  48.1135 2 1 332 2 308 
0.229862 -1.50428  21.4476 2 1 302 2 311 
6.28791 10.2103 26.8302 2 1 344 2 321 
  8.5732 -5.59217  21.6435 2 1 359 2 343 
 8.32269 -1.24221  22.7233 2 1 372 2 355 
 4.15273 -2.02991  19.9891 2 1 381 2 364 
 7.18717 0.861712  21.9551 2 1 386 2 368 
 8.99164 -2.20484  22.6044 2 1 397 2 375 
 8.37321 -6.19266  22.3219 3 0 5 3 7 4 159 
 8.50347 -5.82955   21.479 2 0 7 3 8 
 8.36347 -5.73406  21.5709 2 0 8 3 9 
 8.61178 -5.68207  21.8269 3 0 9 3 10 4 47 
 8.93733 -5.06812  20.8131 3 0 14 1 15 3 11 
 8.88558 -4.90633  20.9419 2 0 133 3 12 
-4.32031 -3.48157  19.8246 2 0 143 3 14 
 8.95673 -4.47857  20.3351 2 0 136 3 15 
 9.29724 -3.77925  19.7013 2 0 20 3 20 
-2.01751 -2.49685  18.7425 2 0 28 3 21 
 5.20386 -3.19483  19.9581 2 0 24 3 23 
-2.94297  -1.4411  18.4322 2 0 41 3 33 
-1.87769 -1.49676  18.7177 2 0 42 3 36 
-1.57665 -1.49716  18.8786 2 0 43 3 39 
-2.67108 -1.21125   18.571 3 0 44 3 43 4 68 
 -1.05769 -0.989858   20.9689 2 0 49 3 49 
-0.562403  -1.09776   21.4958 2 0 48 3 50 
4.36263 -1.2355  19.696 2 0 47 3 51 
-0.740062 -0.966736   21.3437 2 0 50 3 52 
 -3.08088 -0.345922     18.24 2 0 59 3 54 
 2.76076 -1.06546  21.3801 2 0 54 3 56 
 -2.95762 -0.119115   18.2659 2 0 61 3 57 
  2.78117 -0.940977   21.8823 2 0 55 3 58 
-3.50096 0.258615  18.3924 2 0 69 3 65 
 0.690976 -0.143846   21.5205 2 0 65 3 70 
0.155276 0.431132  21.6463 2 0 74 3 75 
 8.73366 0.205546  21.4118 2 1 77 3 81 
-18.579 2.25816 60.5549 2 2 4 3 86 
-5.62251  4.41384  59.7666 3 2 115 3 93 4 40 
8.57408 2.52029 22.1385 2 0 94 3 104 
-4.53937  8.48155  45.0411 2 0 97 4 89 
 8.38282 -6.78141  22.2755 4 0 126 2 14 3 138 4 155 
 8.23295 -6.62549  22.3554 2 0 127 3 139 
  8.8484 -4.65851  20.4923 2 0 135 3 143 
 8.60478 -4.85279  21.5247 5 0 218 1 16 2 39 3 144 4 231 
-2.25625 -3.47564  20.0509 2 0 18 3 145 
 9.24939 -4.35497  20.1075 2 0 138 3 146 
9.06276 -4.2552 20.1498 2 0 140 3 148 
3.85225 -4.5351 23.9229 2 0 141 3 149 
 9.47647 -3.85766  19.5855 2 0 145 3 151 
 3.35055 -4.14452  24.4546 2 0 147 3 153 
-2.61341 -1.51885  18.5574 3 0 155 3 162 4 173 
-2.93811 -1.26155  18.4895 2 0 243 3 165 
0.0349601  -1.45271   21.6294 2 0 245 3 171 
 7.64946 -2.07468  24.8564 2 0 158 3 172 
 0.608757 -0.288687   21.6203 2 0 164 3 179 
-2.52743 0.301101  18.3806 2 0 169 3 180 
-2.7651 0.34592  18.319 2 0 171 3 183 
 2.56315 0.164262  20.5021 2 0 73 3 185 
  6.28498 -0.015714   22.1906 2 0 168 3 186 
 2.26455 0.902379  20.8161 2 0 175 3 190 
8.96364 1.49623 20.5415 3 0 179 1 85 3 198 
9.07966 2.18877 20.0364 4 0 190 2 89 3 209 4 197 
-6.44006  6.42069  53.9184 2 3 210 4 232 
-2.79318  6.74058  53.9442 2 3 215 4 171 
-3.88859  7.70143  45.1224 2 3 221 4 250 
7.67632 4.05375 24.1615 2 1 90 4 196 
7.87156 4.69463 23.6116 3 0 106 3 231 4 200 
-3.93117 -3.34772  19.8875 2 0 289 3 261 
 -4.1477 -3.22155  19.5717 2 0 228 3 262 
 8.94615 -4.46803  20.8169 2 0 219 3 264 
 2.85831 -4.58226  23.7525 2 0 221 3 265 
 9.04588 -3.98169  20.1442 2 0 226 3 267 
 9.29834 -3.52874  19.7629 2 0 231 3 269 
-3.33605 -1.32488  18.5615 2 0 242 3 279 
-0.557244 -0.738119   21.2157 2 0 304 3 281 
 0.450398 -0.459444   21.3134 2 0 249 3 282 
-0.534079 -0.136086    21.172 2 0 64 3 286 
 2.43255 0.714812  21.0602 2 0 258 3 290 
-23.0598  5.75515  54.0202 2 1 208 2 186 
 6.8899 2.07826 22.7206 2 0 261 3 297 
 3.13231 -2.82868  22.3896 2 0 295 3 342 
   2.932 -2.42476  22.3557 2 0 299 3 347 
 -2.28472 -0.981371   18.0289 2 0 335 3 348 
6.63197   -7.97 26.2955 2 3 383 4 330 
  3.1522 -4.94975  23.7528 2 0 327 3 385 
 3.47488 -4.55279   24.208 2 0 329 3 387 
 5.27572 -2.44013  19.4406 2 0 298 3 390 
  0.14223 -0.790913   21.5138 2 0 336 3 395 
-1.88607 0.189043  18.7695 2 0 339 3 397 
0.0709748   1.27456   20.7279 2 0 371 3 401 
2.26689 1.34454 21.3154 2 0 312 3 402 
  7.17419 -0.562096   23.2872 2 0 368 3 421 
7.74548 3.93005 23.6668 2 0 374 3 433 
 4.27279 -4.96938   24.151 2 0 379 3 438 
 5.87884 -2.16989  21.6316 2 0 363 3 442 
-0.117964 0.0802398   21.3635 2 0 387 3 444 
8.71112 2.42568 21.1518 2 0 390 3 453 
-18.0093  8.68796  48.1071 2 1 355 2 327 
8.27695 3.18196 22.8636 2 0 392 3 457 
 8.16607 -1.22362  22.5464 2 0 416 3 482 
-9.99766  1.62124   61.517 2 2 7 4 26 
-4.85563  4.34896  59.7268 2 3 94 4 42 
  8.6155 -5.27186  21.6858 2 2 35 4 53 
-4.96843  7.75046  44.9149 2 3 109 4 80 
-3.09463 -0.35887  18.3283 2 1 79 4 85 
-9.47514  2.05429  61.4104 2 2 107 4 149 
-6.02853  1.84505  61.9021 2 2 108 4 151 
 8.34077 -5.96667   22.423 2 1 8 4 161 
 1.7418 1.12295 20.9574 2 3 292 4 192 
-3.61699  15.2879  38.0258 2 1 103 4 202 
 9.02657 -4.25172  20.5639 2 1 128 4 241 
 2.46099 -2.41306   22.273 2 1 268 4 280 
-10.8121  1.01454  62.5562 2 2 262 4 301 
  -4.092 -3.36496  20.1151 2 1 262 4 335 
8.20516 3.08736 22.6566 3 1 311 2 252 4 353 
-4.59787  14.1554    38.27 2 1 342 4 354 
 6.43042 -8.83706  26.5402 2 3 414 4 358 
 7.26877 -7.68674  25.6042 2 3 436 4 362 
